2.462220947798154924e-01
5.271996610618479018e-02
-4.530234657179987856e-02
-3.609810719217820818e-01
6.135725537918235162e-02
1.382334533546656363e-01
-1.208287451847445126e-01
-4.750700902425009087e-01
-9.610630784725415765e-02
3.697005143053195830e-01
1.781833638139795895e-01
1.754309762805716932e-01
-8.605205838515228578e-02
3.044870054793546998e-02
-1.404565801698434147e-01
-2.977277410281486958e-02
2.064249210645123789e-01
6.193609220821083561e-02
-3.402973535543196704e-02
-4.934361595070613227e-02
-9.618948563747231617e-03
3.306851354114637154e-01
-2.237367094678068824e-01
3.774013195550267596e-01
5.125140829137841969e-02
4.244088660035194582e-01
-9.869791266440430810e-02
1.750701726093706334e-01
1.528540332815619962e-01
7.607256874306278505e-02
1.459852714593916634e-01
1.521301121554439195e-01
-2.796473186525898491e-01
1.870771613079469375e-04
1.388968948046853669e-01
3.050775939987631080e-01
1.514457004132339080e-01
3.672568637590123419e-01
-1.531951460860860870e-01
3.410425542659667464e-02
-2.524014150625386588e-01
3.455955889577455586e-01
-1.520490511072900564e-01
1.036418296125185545e-01
-4.277277539758272962e-01
-1.031106298162494106e-01
5.861855759360112827e-02
1.410805614592547386e-02
-3.438090852323627544e-02
-1.938458457089344833e-01
-4.615184536562471074e-01
-1.355398398106637536e-01
-1.131666721441570989e-01
7.105391011392692135e-02
2.600410980941769701e-02
1.848427511774333176e-01
4.685708401506885057e-01
2.016321239917262531e-01
3.405118402715801018e-01
-2.114238377202199981e-01
9.866959810766773309e-02
2.989849495913106114e-01
2.908465834096765068e-01
-4.143265274131533449e-01
-2.345357511279819729e-01
1.153203202235730807e-02
2.392792208561680400e-01
-1.372228739512846296e-01
-4.197677447548655572e-01
1.994885980936134118e-02
1.080017284162118063e-01
-2.618760483488129509e-01
3.558628853300509487e-01
3.894544690697303579e-01
2.155728928266202882e-01
6.115229684696177337e-02
-2.570291078510245075e-01
2.875313728319628392e-01
-1.462698454152511207e-01
2.236417458214357001e-01
-2.349150464604443656e-02
-2.032680255459085039e-01
8.276378259819661132e-02
-7.972822366996834553e-02
-3.087270197170211006e-01
2.839786844805880506e-01
2.391086883627846493e-01
-2.248142508144057583e-01
-3.683313467824511633e-01
1.330926322108361148e-02
9.487776154989679966e-02
-1.365881046048715852e-01
-8.868152883280888688e-02
-2.800919426437988857e-01
-2.457264050307992331e-01
3.226915977184994233e-01
-5.752968721357420989e-02
2.015631651656859535e-01
1.564756790228312155e-01
-9.665572326780469403e-02
-6.688798192424605382e-02
-2.628193453078133679e-01
2.070673056239757948e-01
-1.820899168840994786e-01
4.685253033152569913e-02
8.359571232605911284e-02
2.700359069357958219e-01
-4.277742472895784687e-01
-1.061176392693155002e-01
-6.941353508374858983e-02
3.893071687920119928e-01
-2.261238590016787509e-01
-2.686275694008348758e-01
2.545141186846677783e-03
2.146217168545616616e-01
-2.618198707357444199e-01
4.530873989133707980e-01
9.723600336587945314e-02
-1.123514268969791896e-01
-6.469013694052172525e-02
1.937281577322786941e-01
-1.023745609383670541e-01
1.047350591792832741e-01
-1.930428070371261740e-01
4.051778000121366574e-01
4.973612177833475201e-02
1.035879530509737911e-01
-3.214786541476502002e-01
-1.034904052077423309e-01
-3.585969816699756674e-01
-7.646713394271920095e-02
-2.139449272814848424e-01
1.476282702707989447e-01
-1.808830047271126062e-01
-3.228176436399941007e-01
1.018793851539874229e-01
-2.343837026757240594e-01
-2.568812844042602794e-01
-1.060648705689024585e-01
-1.510102533105119882e-01
1.370759613924632525e-02
-2.007322166690099774e-01
2.932205940671142042e-01
3.152924355786170807e-01
1.237979315662520730e-01
3.111042307982552213e-01
-5.855793719045987444e-03
-2.021963884876190054e-01
-1.244754364480145092e-01
1.858733122554050432e-01
-2.395985218752247903e-01
-2.278551807116488970e-01
-3.213658247894564113e-01
3.382157840251176495e-02
7.062447096245372258e-02
1.627900779452340352e-01
-1.799678395996151536e-02
3.407057875682224513e-01
-1.732599508515806352e-01
-7.343998754998781742e-02
3.006459329909616507e-02
2.558259250259151685e-01
-2.890117408561088119e-01
-2.259268390921254088e-01
1.447741627427696631e-01
-4.174239508852228830e-02
1.146401411750066490e-01
-2.987562603337403644e-01
2.356442121503292686e-01
3.292398979697797046e-02
1.738181481104645876e-01
2.228759872746377546e-01
-1.916469259640507516e-03
2.479251483030782133e-01
1.503049766069763926e-01
-1.464536985258197976e-01
-1.518735973847589182e-01
1.464373260464642001e-01
-2.900546250316462515e-01
-2.572923397747746144e-01
-1.348842476007439117e-01
-6.940368516769379603e-02
1.800700724522115159e-01
-4.362003253003288172e-02
2.496162025040182808e-01
-1.083542471937588569e-01
-1.305536439079189037e-01
-1.858125733118161094e-01
-3.118030236843758463e-01
2.484894580841012779e-01
-1.917533629821097652e-01
-3.814558755257906331e-01
-1.120854196075624643e-01
3.430184850541881936e-01
-7.973152200584854299e-02
-4.267108496488833946e-01
3.684479823498763018e-01
-2.755395563565992134e-01
9.501466856621632040e-02
2.118954501271168578e-01
-8.019549489890986926e-02
-4.522410805603218620e-01
8.237889452607616292e-03
-2.516851921638785239e-01
3.061780216480767258e-01
-4.636791905469963559e-01
4.278729946870425405e-01
1.377007622478885196e-01
3.292268975588295010e-01
1.945921710163656115e-02
3.298401795960737015e-01
2.219357994123376532e-01
4.643909029706645430e-01
2.660372976495910535e-01
-1.118505747146816276e-01
3.113953805464155788e-01
-2.547181942855554215e-01
7.023630253926760325e-02
-2.389387649021650351e-01
2.127830850892675763e-02
3.937959335840452990e-01
-1.714403946780318488e-01
3.247214182260500515e-01
2.937045279229790751e-01
-1.032293294875148426e-01
-4.475641367190967834e-01
-1.362185697650699634e-01
-9.892429520742229698e-02
2.511070512298203550e-01
3.129662223340610172e-01
2.275900582967842478e-01
1.187433829151651743e-02
-1.743917358178939114e-01
2.141899259402870737e-01
1.450980821417575672e-01
-1.827641533113089078e-01
-1.439773014200225187e-01
9.700806899544089923e-02
5.356279051166756844e-02
-8.947782958581873558e-02
-2.318735670185745334e-02
-2.433666628621007355e-01
-7.408133712060371856e-02
2.126138207802859004e-01
2.118909129798749458e-01
1.898614644206286783e-02
-8.859738538776373851e-02
3.861660609265382682e-01
-3.365712611090021511e-02
1.253005536047826496e-01
1.702759375177405055e-01
1.705063845093259811e-01
9.323342328425598957e-02
5.138836121934264867e-02
-4.076459795833875521e-01
-3.146544454207322872e-01
-9.746628431640913526e-02
2.329856723977852262e-01
3.005964558039402323e-01
9.441179344537853346e-02
3.023156470712606847e-03
-2.540993304235654726e-01
-3.332479310232263625e-01
-1.232114657935872160e-01
1.793450978053534595e-01
1.628220605324743886e-01
1.721729431414700251e-01
1.830021884507051499e-01
-2.261608129988299520e-01
-2.588357931425928626e-01
-3.966679178582170895e-01
6.588828748066188901e-02
1.939295624983341515e-01
-4.328685332429620392e-01
2.750690702306006763e-01
9.071973785729459117e-02
-1.257201870437569813e-01
-1.248240088786576329e-01
-4.006383022063255694e-01
5.535580391747418894e-02
3.965310402331101436e-01
-1.780780612819137243e-01
-4.447116712492860113e-01
1.830616696924858289e-02
-4.193949839965112059e-01
-3.740790693828239810e-01
1.654167711060821055e-01
-1.156006331671231013e-01
-2.187764546586528080e-01
-1.869942399594157756e-01
3.929974349386020638e-01
-1.672564150968427477e-01
2.262121013382905055e-01
-2.708186365690676833e-01
1.686304717175679535e-01
9.861066942183183137e-02
-3.042452396985872998e-01
-1.906978911586245662e-01
-1.675074975542742983e-01
-3.027210826326109938e-01
-5.377211165614426136e-02
-3.635885607320306079e-01
5.245767341682472384e-02
4.186161198819204898e-02
-1.293928745748558207e-01
-2.163672361646078457e-01
5.333233703914475043e-02
5.074703979436367973e-02
1.196320148688267970e-01
2.574387105680180365e-01
1.061596882573347944e-01
2.189240968109151808e-01
-1.097891924603675573e-01
-1.660424988164641569e-01
4.251960539186092625e-01
7.887178370450009801e-02
-9.950887317994272507e-02
-1.294943677426205753e-01
-4.938223160380483812e-02
2.554101572465847791e-01
1.842869511033444763e-01
7.946340850339606021e-02
-2.303709409421497156e-01
-9.709069589163465963e-02
1.962189135645517890e-01
-2.468550907448603393e-01
3.849661888240736296e-01
-5.797439237655832578e-02
-2.171090250911480446e-01
2.947393405901399532e-02
-1.100862998135780924e-01
2.273190032719190068e-01
2.465257519900116989e-01
3.129502870508882317e-01
-7.093864814376815708e-02
-2.116237783529986149e-01
1.937404888363041255e-01
1.412212247417585775e-01
3.008946990817984446e-01
1.827929513595401012e-01
-1.943770025949784763e-01
-2.533649888319429166e-01
-6.703311941397394058e-02
3.116158650463274338e-01
2.645866477377221138e-01
-1.839434578412575405e-01
-6.932781131956122778e-02
-9.642289222801303517e-02
-1.772604353076867589e-01
-9.656636870351320567e-02
3.920446315317671626e-02
2.768443354766709774e-01
3.380229365982789780e-02
4.834376235664741284e-01
-4.372546957079346264e-01
1.262609201117199653e-01
1.114020507439583696e-02
2.254881690178383025e-01
3.563600656384788845e-01
1.090524275471975724e-01
2.522057711392451385e-01
4.175501587469550024e-01
1.483614353902820149e-01
-1.461519704219043092e-01
-1.793020467232167015e-01
1.409191644102598673e-01
-3.011585721864111775e-01
3.053947855233760666e-01
3.089856715512295793e-02
2.655762841635629368e-01
3.264528820943013443e-01
4.447734269326808487e-01
-1.953642970406717083e-01
5.101336568601255728e-02
-7.635673714752932995e-02
1.505990594830510787e-01
2.133407348434352979e-01
-7.532313080979258224e-02
4.705090713167492389e-02
-2.460531320199801364e-01
3.434871699514217003e-01
1.501519608984824838e-01
3.885003149520773746e-01
8.472100170271712472e-02
3.305865736911732800e-01
5.714006657961934188e-02
-2.102604112980897000e-01
-1.762979233884174324e-01
-3.851204877810920912e-02
6.986410232139395049e-02
-4.480647378574675876e-02
3.157678768603611186e-01
2.346539429531824261e-01
6.271209719010939487e-02
2.714624995510359629e-01
2.436010220253872482e-01
2.416750117632515682e-01
2.522227569848811690e-01
4.495746084672429532e-01
1.611185069093250544e-01
8.905246607285421945e-03
4.038094621890078173e-01
1.021242442737309020e-01
3.506380811330431779e-01
-2.390410414967902852e-01
2.265442055090365336e-01
2.936386879087649060e-01
1.669311257097492174e-01
2.032488874480677943e-01
-2.977480515937471761e-01
-1.659681372106536212e-01
-2.546243391929194910e-01
1.976216617442605461e-01
1.278927431547591809e-01
-1.119182815536203801e-01
-9.638678251377452710e-02
1.454568629765384813e-02
4.652222840013431338e-02
1.072093577704900103e-01
1.990573692383137416e-01
-3.652325357562555830e-01
2.122492134480846726e-01
1.830070544070239169e-01
3.932283462942169905e-01
-3.515525068614193671e-01
-4.842726120317903948e-01
3.455319538947601021e-01
1.461335471165357003e-01
-1.118989295447805343e-01
3.631899979942732060e-02
-1.424640130580960840e-01
-1.080782572640235362e-01
7.688274207052780973e-02
1.381120593627429560e-01
-3.324001829665252927e-01
-5.993255333371538818e-02
-1.155853399424144889e-01
2.710541151358007994e-01
-2.254993401162219691e-01
-3.865116582020677871e-01
3.672342422423362507e-01
5.790185184110963057e-02
-2.304072103109313652e-01
-3.949806366329431384e-01
-2.465696564511301592e-01
3.101575554902999965e-01
-8.394969417183872906e-03
9.716702748667560563e-02
3.164547116280325145e-01
1.416100599075411637e-01
-1.659570874634306303e-01
2.782698738337108235e-01
-3.132719608082423779e-01
-1.113170055349577137e-01
-3.491720647371843178e-02
-1.250076480312549698e-01
4.435026186579804630e-02
8.316462091847842686e-02
-2.807128521898201168e-01
3.722877175069589928e-01
-5.406292700746839763e-02
-3.910366362799111428e-02
1.692194390608867671e-01
3.319947084590684216e-01
3.544305614332836640e-01
-3.154736736964873778e-01
2.655723428409415554e-01
6.222481231759369180e-02
2.293842223722988294e-01
-1.400095634352549467e-01
1.415662617826944913e-01
-2.824452268367421137e-01
-1.966588166461624709e-01
7.337820387334592631e-02
1.697401984193391833e-01
-2.281844368754102348e-01
2.841147222681483786e-01
-2.755739797131928626e-01
8.166696243519400156e-03
-2.305673045177305536e-01
-3.566785062901245418e-02
-7.714332034500448465e-02
1.060700833686558653e-01
-2.785937352809624290e-01
8.761241501861194436e-03
-2.514738000840865961e-01
-3.003899562050909022e-01
-2.005375664310702355e-01
-2.938237646283259341e-01
-5.457537812324542159e-02
1.352407709090786003e-01
-4.720125101603671602e-01
2.382255658143697108e-01
1.372431147129971052e-01
-2.076376633894612134e-01
2.906793234518056934e-02
9.971665985491440232e-02
-1.184641561311052804e-01
-2.037110611820738271e-01
-3.003382512431771456e-01
1.433923925987385939e-01
1.024877292052885913e-01
1.279882794343341068e-01
-2.209813637872999337e-01
5.473310065873926433e-03
-1.674724050490241645e-01
3.149517706845670340e-01
6.817710247730257578e-02
-1.830087363055197258e-01
1.182938156806501162e-02
1.903873913086511216e-01
-4.227001531602536666e-02
-3.891750468311574451e-01
4.075593119188458680e-02
3.082218102381690805e-01
-7.628901308309488094e-02
1.163047222872930497e-01
-2.548453167486455229e-01
-1.356871189631125851e-02
8.118341630807801579e-02
4.803528677165269656e-03
-1.231882153790748724e-01
2.170602493173214853e-01
1.115070854531563516e-01
3.849258773392589816e-01
2.964907477753331300e-02
-4.677729753230663867e-01
1.253177332466031135e-01
-3.327592390452773774e-01
2.762956728831622577e-02
-1.506613690881073442e-01
2.516797737152576264e-01
-3.419754451277512430e-01
-1.173235740227265289e-01
2.162303950453627888e-01
-4.075027303524718647e-01
3.105704137847251634e-01
-9.919125018455399179e-02
7.193125982131109986e-02
-9.043287987012038620e-02
3.893843775242733507e-02
1.193266718887640021e-01
3.511474221336647883e-01
-1.282881146321239729e-01
2.975676795365949090e-01
-9.515894802851909695e-02
-2.212067802796990890e-01
1.794823255334188072e-01
5.058029105238115442e-02
4.239200089719814546e-01
-1.593657352259476578e-01
-9.029703329669702683e-02
2.239055113807311148e-01
-1.514766684011930042e-01
1.856705987487727860e-02
-3.117447895398366420e-01
3.491751281654937866e-01
-1.332246186358156947e-01
-1.151399427233317230e-01
4.242497182957176705e-01
-1.254941453031779286e-01
-1.966579230023159930e-01
-8.735151642915717218e-03
2.399106651556561776e-01
1.570696318572066819e-01
-4.085723960308658143e-01
3.694191103358150929e-01
-2.238084165210683096e-01
-2.563390492599453285e-01
-2.590350214011398755e-01
4.539329531841702625e-01
-1.240626813750427271e-01
1.084675044079435047e-01
-2.514122408925394403e-01
3.560127329126505646e-01
-4.344071305217112045e-01
-4.748013279688190202e-02
-3.086714679734281486e-01
3.907420608236438220e-01
-2.416412378372685410e-01
3.383348451437426796e-01
-6.807436917287712497e-02
1.223581577240171470e-01
-2.230388703879226941e-01
3.793113309935842725e-01
2.104089696094051387e-01
-5.169323904991518503e-02
1.898897257096399116e-02
-2.821237749932159478e-01
3.246510422131072549e-01
-2.893392566105539299e-01
1.137632671259167783e-01
8.956341388851374319e-03
-2.165064248323966822e-02
5.822646275121412529e-03
8.904212166122027483e-03
-2.068728320786625829e-01
4.210510549585988471e-02
4.313812056579213738e-02
3.306776354996920908e-02
9.132380038082188456e-02
-3.894596691898370988e-01
-1.766279025708361594e-02
1.694472818184744600e-01
4.228463487381290964e-01
-1.499893924247717170e-01
-2.512917998476353887e-01
-1.417515602547445575e-01
-2.111517299943037607e-01
2.078968523118696066e-01
2.232026752907376732e-01
-1.439384345556200540e-01
-1.287357200797116796e-01
-4.882748752840626594e-01
1.597272665126090452e-01
-2.983843832858077416e-01
-1.789973221083032140e-01
-4.895192632219669271e-02
4.071668118637683520e-02
-1.890996193135605630e-01
-1.238744967643141681e-01
-6.327678387002544369e-02
3.733030075111607449e-01
9.629032139103910204e-02
-3.853539112811901202e-01
7.568593725995365062e-02
2.062542309315640310e-01
-2.010173928343532701e-01
-2.080026708470525953e-01
-2.127023714909723751e-01
-3.086801764985243057e-01
-7.446293983945007078e-02
-1.604277172745411928e-01
2.122550799771083518e-02
2.776038622694689817e-01
2.228574039946735752e-01
2.237134894948296093e-01
-4.479715802278125825e-01
-3.606058553617286222e-02
-1.095044798184852120e-02
-2.752792102793371054e-01
4.425680205790747390e-01
3.179100994830157401e-01
-8.948149909143943148e-03
4.531638837233331607e-02
5.663589825094295094e-02
1.587530752497270381e-01
-1.837441453211123843e-01
9.600280496454116630e-02
8.844065416862512130e-02
-1.294767691381473185e-01
5.993766294992153298e-02
-1.106781050553224954e-01
-3.305068120162946155e-01
-4.346690044715442180e-01
-3.687503664817293192e-01
-1.077193014435346985e-01
2.526272458278735478e-01
1.823880583040442538e-01
3.607004537819997747e-01
2.109874990561968477e-01
-3.384307522967033854e-02
-2.077956073589026786e-02
-3.352595978201668991e-01
4.149387431078361832e-01
-1.028994646325711582e-01
-2.349216044286350780e-02
3.507876880130917918e-01
-8.463112844049636152e-02
1.010241216207781179e-01
7.154199673485184263e-02
2.073185701194908415e-01
-2.725132672159122915e-01
1.086323982671741906e-01
-3.387996823134391544e-01
-7.483045867882442970e-02
1.230529479324589115e-01
-3.765566167980225476e-01
8.861777918341529059e-03
3.104741612909385218e-01
1.676089706374244148e-01
3.269339355134273095e-01
-2.708750982432008847e-01
-1.498069918399069778e-01
-3.101755057224784284e-01
-1.907302201705369793e-01
3.903293235252283111e-01
-8.412800078068505272e-02
-3.913905621138442648e-01
-1.851681850614461666e-03
1.953250011542497777e-01
4.474425505860881724e-01
-7.192297108300782504e-02
3.332068262951028981e-01
2.944489768064584290e-01
5.037253254800977409e-02
-2.231485043566192594e-01
2.352770456801214216e-01
-1.464970538345400364e-02
2.603904512229118229e-01
1.504809827349100626e-01
2.397113695114321263e-01
-4.391968273127866418e-02
2.170019141449486266e-01
7.879553802796479545e-04
-1.941807359632792274e-01
-3.209973039454727672e-01
-1.014090243579248707e-01
4.122013212762793977e-01
-5.344251283899681404e-02
3.250830696252402507e-01
9.633970333367591898e-02
1.329844383819129838e-01
3.120800678536101991e-01
-6.260304580159781196e-02
-7.846894503460388748e-02
-4.228573139747782150e-02
-4.811340261127150519e-02
-5.058269029804418615e-02
1.466205695107554163e-01
-3.023329311356877103e-01
-1.967442503297456291e-01
-2.092392293053786378e-01
-1.671202081856564270e-01
3.698954793916842121e-01
-4.276257405874297479e-01
-8.131980893520429632e-02
-3.998630184171467761e-01
-2.190144552456696481e-01
3.063714650250761729e-01
-2.169716269236370287e-01
4.594436860750743534e-01
3.432780127653445312e-02
-2.026893362525443720e-01
-3.525529732398726690e-01
-5.801011586614013282e-02
2.537054111619012620e-01
9.437891215769167452e-02
-2.518574760595402307e-01
1.191780925854042383e-01
-8.062332731908261607e-03
-2.761820002439767663e-01
3.713986978561798491e-01
-2.811182453132583525e-01
9.985875324591098057e-02
1.073664656742800982e-01
-3.997969880248437580e-01
-3.437669241910645823e-02
-1.950632325406991274e-01
9.199011255099631690e-02
-4.172044888472337121e-02
-1.736281676887561076e-01
1.804403859798631160e-03
2.397755179073195464e-01
-4.817658692859239089e-02
2.626724937838464946e-02
4.068671539844357365e-01
7.540749985006001133e-02
-3.515939823408980036e-01
2.314754091505109024e-01
-4.445331036981348127e-02
-2.655899770344227750e-01
8.202192360426741047e-02
-4.821270914489095283e-02
-3.399631389069848186e-01
-1.938030115224811389e-01
5.830507437369747414e-02
-6.544835263579473761e-02
4.471244794514350751e-01
-3.785850727267543459e-01
-3.223648986058544885e-01
2.892216505623252942e-01
-1.284237318937710981e-01
-2.810680360195212391e-01
1.181069041074753745e-01
3.430829282623137910e-01
-1.177182289248586144e-01
2.163639723119383795e-01
-1.197891870455543017e-01
-2.801568844030370986e-01
-9.006559374227363080e-02
2.523559561171364596e-01
7.311323786222989618e-02
-3.522150758437980755e-03
1.681043049932100519e-01
2.176645898220010977e-01
-2.336846896974005272e-01
1.419116794678245697e-01
-2.726975020479935896e-01
-5.927294283249784357e-02
3.247312146885108497e-01
-2.763499505789634991e-01
-1.474782753120971179e-01
1.990451819986134296e-01
-3.814112604805652840e-01
2.559262944357323377e-01
4.292472563039635425e-01
-2.827970541143955963e-01
-1.592781269653644749e-01
2.490322414477808000e-01
-1.391920881723951453e-02
3.750677703401612550e-01
1.955415505635573759e-01
-3.885026638899380380e-01
-8.504599168671611586e-02
2.417177826695593446e-01
-3.968786986509040826e-01
1.317996177028697424e-01
-3.883279054798371988e-02
9.724741964961536311e-03
2.469924394932927481e-01
-1.316668185824252379e-01
-1.605449573518693551e-01
1.451113711573606135e-01
-3.001941696309260443e-01
1.589298612449558945e-01
-3.010419082459381279e-02
-4.808260609784620332e-01
2.184362032216791150e-01
-1.462243779893745987e-01
-3.053469209164831888e-01
-3.288936839566694026e-01
-1.471028987737550420e-01
2.796251907813813720e-01
1.910132890907292325e-01
1.261182293817935118e-01
-2.454391311669898990e-01
-8.699107924792226498e-03
-3.409064966260104690e-01
-8.920399550680446765e-02
3.718799333789122308e-01
1.564548661844542554e-01
3.667387806205739675e-01
-3.402620144414059133e-02
2.673470318136028645e-01
-5.426468729870692620e-02
4.677295513156307649e-01
-2.481231383766391296e-02
1.690429156399970712e-01
3.070662910800445733e-01
2.531691380780189959e-01
3.976770480261475615e-01
-4.225276986981993943e-01
1.712056457197481674e-01
1.255350646978001805e-01
-4.245589779615124293e-01
2.722972588768743929e-01
-1.622191192157524942e-01
8.816048518945418522e-02
2.508028485518276618e-01
-2.891101125460626697e-01
6.849163705221283927e-02
4.187238067371608086e-01
-4.160909302595152681e-01
-1.551825717891783807e-01
-1.215616625739917023e-01
-2.890468642430259472e-01
-3.168599310424782267e-01
2.062661679635204859e-01
-3.606981993961611010e-02
1.351429444897858101e-01
3.567945509225269873e-01
2.211681085906347377e-02
2.353572563888510771e-01
-6.960520085325794248e-02
3.749415846084702686e-02
-2.389432969964766507e-02
3.624653541789344402e-01
2.258301936344577765e-01
-2.061764374373660225e-01
1.490925343705473693e-01
-1.750909547263557187e-02
-2.277550942267914103e-02
1.249626284626454975e-01
-4.348089015809186719e-03
4.012875546359078172e-01
7.807301762659557554e-02
4.901958084365842794e-02
6.275770998166718684e-02
-3.054133181058229507e-01
-4.254140019190499888e-01
-3.973404165979992353e-01
1.139223435562526365e-01
-8.311437514396180504e-02
2.176642698351782812e-02
-1.955166205699534476e-01
3.878881977767107969e-01
-3.167442144855716624e-01
9.452795054766482963e-03
9.329117846719081619e-02
2.742742401022695287e-01
-3.367888090970732051e-01
1.645617566820019029e-01
1.288457660011377293e-02
-3.260792542153951867e-01
5.388813559969585221e-02
1.763393190426016943e-01
-3.728954294793940250e-01
2.761117439093103698e-01
-5.240212994275261771e-02
6.806726331070489522e-02
7.719323955905488255e-02
-2.325398717631717016e-01
3.217512944924918461e-01
1.482042055962689009e-01
-8.778974315665855066e-02
1.676569109070238373e-01
3.056274918215391434e-01
3.918857799053891977e-01
-2.847793083390293134e-02
-1.294627109757517935e-02
7.759251484845464120e-03
2.921606072584543856e-01
2.585522027207354245e-01
-1.725321432822133350e-01
-2.191752773915420782e-01
-3.022935607885206544e-01
1.614647169300860163e-01
3.056913320310905569e-01
3.160654653817800419e-01
-4.163073804770405228e-01
1.399273564058549635e-01
2.537034116539840234e-01
-2.670585678005839014e-01
-3.185201046790380186e-01
-1.423857771165630837e-01
2.279396069923058654e-01
-2.819411918113965410e-01
2.632400314321201584e-01
1.592082921911841531e-02
-7.447778281437544834e-02
-4.396515081574710049e-01
-3.721256837209681034e-01
2.884002828151244202e-01
-3.903657251251646532e-01
-9.345338333104558082e-02
3.475197006304977521e-01
3.076758598093776165e-01
4.413393528064335491e-01
-3.733835729135217552e-01
1.470343846128285836e-01
3.026820068610658332e-01
1.865064597425885040e-01
-3.725899798562162246e-01
-3.311347927077434861e-02
-4.110542022056498102e-01
-1.311226049937022076e-01
-3.163157051705496325e-01
-3.096217946682848776e-01
2.792739517818287887e-02
3.952924411161129470e-03
1.394285772101897525e-01
2.884179677077700621e-01
-2.106710871440904409e-01
4.770128305789400613e-02
2.859261903187177989e-01
-3.597679567039369086e-01
-1.887180397639331986e-02
2.980238924215417029e-02
-1.681807756415114596e-01
-2.924534819678932251e-01
1.201042758446406733e-01
3.609445936315047732e-02
-1.750788656484902894e-02
-2.836664999071647486e-02
-2.102905968927568647e-01
1.278327805121672878e-01
-4.229033504469572602e-01
2.685904235508214111e-01
-1.363450204551899247e-01
-2.732581859623617326e-01
2.374167266926290321e-01
9.064630546133711775e-02
9.517344037411357149e-02
1.263501477933846040e-01
-1.822059358295309295e-01
5.961882444023292038e-03
1.490832126098653454e-01
-3.126734503839045942e-03
-2.087092864871218367e-01
7.677440735518392678e-02
1.473180661443620476e-01
2.528740463407215255e-01
-2.109836552652515351e-01
-7.505325536617091231e-02
2.102443968426652710e-01
-3.020428306564078014e-01
-3.076065487230807971e-01
-3.883116682319494029e-01
1.983112544071872207e-01
-2.814096032123545310e-01
3.568232034916454243e-01
-2.093218107466010558e-02
-1.834890707801266618e-01
-1.427365250493393134e-01
-2.443481342000275447e-01
1.205307419761743049e-01
-2.523458157710560812e-01
-6.894915334592854883e-02
-2.192974974164856317e-01
